10111000110001111001
10011001111110100101
10111100000111110001
00111011101101100001
00000010000000001001
01111010010010001011
00000011100011010011
11110100110111011011
01000111111100010001
01110110011111101101
10110010000000101111
11010000001110111011
00001011111100011001
00000000110001010101
01100101101010001111
00111001010100000011
01101101010011101011
10010101110101101101
01001011011011110101
11100101100010010101
11110110111000010011
10000100100001011101
11011101000001110111
00011100000011110001
01000000110011010001
00000001110010100011
11000010100100010111
01100101000000110111
00011011111010010001
10110110010110010001
10101111010000000001
10011101011101001101
11100111011000101011
11101110101110111011
00000001011000000101
01011000001011010111
01100000110101010001
10000001010111000011
00110000001111100111
01010101101111011011
00010101011010001101
11110110100101100101
11110010001101011101
00010110001011100011
01001001001010100001
11000110000100000011
01001101110100110001
11110000000011000111
01001010000100001011
10011000110100010101
10110010010000101011
11111001010111001111
11010101001101011001
00111101110111110001
10000100101010110001
10111110101001101001
00111010010110110101
00101100101000111111
01100011000111110011
00110011110010011101
11000010111001000111
10110011110101101101
10110000110011001001
00010001011110000101
01010111111011001011
10011100001010111011
11001000101110000001
10010010100001000111
10101100001010101011
10100110011011001101
10001100010101000001
11111110000010001101
10100111000101110011
00001101010101001011
01101111111100010101
11111111001011000111
00111001011100000111
10111010111101011101
00100100100101111111
10111011110011111001
00011000110101101101
11000101110001001011
10010010101000110111
10000001111100000001
01000011011010110101
10100011101100101011
10100000010100111101
11100000101111110111
00110010110000011011
01101000111011010001
10110100111001101001
01101100010101000001
00000111001000110011
00101000001011110011
11000000101101100101
10011111010011000101
00000111110010100101
11000110101100001011
11110101000001010011
10111111111010000101
01001001111001100101
01011010111001100101
01010011100101000001
11100000111101001011
00000110110000000011
00011010100001111101
10001100001101010111
